time;id;x;y;size;fill;color;axes;axesId;margin;marginId;marginSize
0.000;0;0.000000;0.000000;1;0;0;0;0;0;0;0
0.000;1;3.000000;0.000000;1;0;0;0;0;0;0;0
0.000;2;6.000000;0.000000;1;0;0;0;0;0;0;0
0.000;3;9.000000;0.000000;1;0;0;0;0;0;0;0
0.000;4;0.000000;3.000000;1;0;0;0;0;0;0;0
0.000;5;3.000000;3.000000;1;0;0;0;0;0;0;0
0.000;6;6.000000;3.000000;1;0;0;0;0;0;0;0
0.000;7;9.000000;3.000000;1;0;0;0;0;0;0;0
0.000;8;0.000000;6.000000;1;0;0;0;0;0;0;0
0.000;9;3.000000;6.000000;1;0;0;0;0;0;0;0
0.000;10;6.000000;6.000000;1;0;0;0;0;0;0;0
0.000000;0;0.000000;0.000000;1;0;0;0;0;0;0;0
0.000000;1;3.000000;0.000000;1;0;0;0;0;0;0;0
0.000000;2;6.000000;0.000000;1;0;0;0;0;0;0;0
0.000000;3;9.000000;0.000000;1;0;0;0;0;0;0;0
0.000000;4;0.000000;3.000000;1;0;0;0;0;0;0;0
0.000000;5;3.000000;3.000000;1;0;0;0;0;0;0;0
0.000000;6;6.000000;3.000000;1;0;0;0;0;0;0;0
0.000000;7;9.000000;3.000000;1;0;0;0;0;0;0;0
0.000000;8;0.000000;6.000000;1;0;0;0;0;0;0;0
0.000000;9;3.000000;6.000000;1;0;0;0;0;0;0;0
0.000000;10;6.000000;6.000000;1;0;0;0;0;0;0;0
time;id;x;y;size;fill;color;axes;axesId;margin;marginId;marginSize
0.000;0;0.000000;0.000000;1;0;0;0;0;0;0;0
0.000;1;3.000000;0.000000;1;0;0;0;0;0;0;0
0.000;2;6.000000;0.000000;1;0;0;0;0;0;0;0
0.000;3;9.000000;0.000000;1;0;0;0;0;0;0;0
0.000;4;0.000000;3.000000;1;0;0;0;0;0;0;0
0.000;5;3.000000;3.000000;1;0;0;0;0;0;0;0
0.000;6;6.000000;3.000000;1;0;0;0;0;0;0;0
0.000;7;9.000000;3.000000;1;0;0;0;0;0;0;0
0.000;8;0.000000;6.000000;1;0;0;0;0;0;0;0
0.000;9;3.000000;6.000000;1;0;0;0;0;0;0;0
0.000;10;6.000000;6.000000;1;0;0;0;0;0;0;0
0.000000;0;0.000000;0.000000;1;0;0;0;0;0;0;0
0.000000;1;3.000000;0.000000;1;0;0;0;0;0;0;0
0.000000;2;6.000000;0.000000;1;0;0;0;0;0;0;0
0.000000;3;9.000000;0.000000;1;0;0;0;0;0;0;0
0.000000;4;0.000000;3.000000;1;0;0;0;0;0;0;0
0.000000;5;3.000000;3.000000;1;0;0;0;0;0;0;0
0.000000;6;6.000000;3.000000;1;0;0;0;0;0;0;0
0.000000;7;9.000000;3.000000;1;0;0;0;0;0;0;0
0.000000;8;0.000000;6.000000;1;0;0;0;0;0;0;0
0.000000;9;3.000000;6.000000;1;0;0;0;0;0;0;0
0.000000;10;6.000000;6.000000;1;0;0;0;0;0;0;0
